0.837772227068 

-1.08193135207 

-0.192968993979 

0.0212508071176 

1.46564374723 

1.05329300218 

1.84153824385 

1.20612780487 

-0.253266071651 

-0.0548876151526 

0.0276422113932 

-1.06760486741 

0.274398259043 

0.3120592305 

-0.425658493316 

-1.07162046867 

0.142941521669 

-0.645768097303 

-0.643846082763 

0.645315988273 

0.129239799924 

-0.531208935924 

-0.603842532191 

1.02101768641 

-1.63252949733 

0.228174419741 

-0.744528667831 

0.891411598146 

-0.957212257997 

0.523940925828 

0.632232627562 

0.47233448522 

-0.814108802381 

-0.914309021103 

-1.11173783322 

1118
